00110000000000000000000000000000
00000000000000000000000000000000
00000000000000000000000000000000
00100000000000010000000000000000
00100000000000100000000000000000
00100000000000110000000000110010
00100000000001000000000000110010
00100000000001010000000000000101
00100000000001100000000000000001
00100000000001110000000000000000
00100000000010000000000000000000
00111100000000010000000000000000
00110100001000011101100100000011
00000000000000011000100000100000
00000000000001010010101001000000
00000000000000110001101001000000
00000000000001000010001001000000
00001000000100000000000000111101
00000000001001010101000000101010
00000000101000010101100000101010
00000000000000000000000000000000
00000001010010110110000000100101
00000000000000000000000000000000
00010001100000000000000000000101
00010000110000000000000000000011
00100000000000010000000000000001
00000000110000010011000000100010
00001000000100000000000000011101
00100000110001100000000000000000
00000000000000000000000000000000
00010000110000000000000000000010
00100000001000010000000000000001
00001000000100000000000000100011
00100000000000010000000000000001
00000000001000010000100000100010
00000000000000000000000000000000
00000000101001010000000000011000
00000000000000000101100000010010
00000000000000000000000000000000
00000000001000010000000000011000
00000000000000000110000000010010
00000000000000000000000000000000
00000001011011000100100000100010
00100000000010110000000000000000
00100001001011000000000000000000
00000001011010110000000000011000
00000000000000000110100000010010
00000000000000000000000000000000
00000001101010100110100000100010
00000000000000000000000000000000
00010001101000000000000000001010
00000001101000000110100000101010
00000000000000000000000000000000
00010101101000000000000000000010
00000001011011000101100000100010
00001000000100000000000000111001
00000001011011000101100000100000
00000000000011000110000001000010
00000000000000000000000000000000
00010001100000000000000000000001
00001000000100000000000000101101
00100001011000100000000000000000
00000000000000000000000000000000
00000000001000110101000000100000
00000000010001000101100000100000
00000000000010100101001001000010
00000000000010110101101001000010
00000000000010110101100111000000
00000001010010110101000000100101
00100001010010100000000000001100
00000000000000000000000000000000
00000000000010100101001100000000
00000000000000000000000000000000
10101101010100010000000000000000
00001000000100000000000000010010
