30000000
00000000
20010001
20030064
20050000
2006001e
2007001e
201400ef
201622b8
2017000f
20180000
00000000
00000000
20034e20
00000000
08100011
00000000
00000000
10600006
00000000
20010001
00611822
00000000
08100011
00000000
00000000
adf80000
00000000
8ca20000
00000000
8caa0001
00000000
20a50002
00000000
00570018
00004010
00000000
00000000
01570018
00004810
00000000
01064020
01274820
00000000
00000000
000949c0
00000000
01287820
00000000
01f57820
00000000
adf60000
00000000
12850003
00000000
0810000c
00000000
00000000
20050000
00000000
0810000c
