30000000
00000000
20010001
20030064
20050000
20060028
2007001e
20140166
201622b8
2017000f
20180000
00000000
00000000
20037530
00000000
08100011
00000000
00000000
10600006
00000000
20010001
00611822
00000000
08100011
00000000
00000000
adf80000
00000000
8ca20000
00000000
8caa0001
00000000
20a50002
00000000
00570018
00004010
00000000
00000000
01570018
00004810
00000000
00000000
01064020
01274820
00000000
00000000
000949c0
00000000
01287820
00000000
01f57820
00000000
adf60000
00000000
12850003
00000000
0810003f
00000000
00000000
20050000
00000000
0810003f
00000000
00000000
200b005a
00000000
1165000e
00000000
200b00b4
00000000
1165000a
00000000
200b010e
00000000
11650006
00000000
200b0000
00000000
11650002
00000000
0810000c
00000000
23c40000
00000000
200b0008
00000000
108b0011
00000000
200b0004
00000000
108b0003
00000000
0810000c
00000000
00000000
200b0001
00000000
1177ffaa
00000000
20010001
02e1b822
00000000
0810000c
00000000
00000000
200b003c
00000000
1177ffa0
00000000
22f70001
00000000
0810000c
00000000
