01111111111110110000001001011111
00000010001110111110000101100101
01111111110100110001011110110100
00000110101100101111000111010010
01111111100000110100111011010000
00001011001001111110101101011100
01111111000010111100000010010110
00001111100110010110101000100110
01111110011011001001001001010000
00010100000001100000101101100111
01111101101001011111010110100100
00011000011011000110110111011101
01111100101110000010100010000101
00011100110010110011001000110110
01111011101000110111010100011101
00100001001000001111101110000011
01111010011010000011000110111001
00100101011011000110111110011111
01111001000001101100000010101111
00101001101011000011011110100000
01110111011111111001000000111011
00101101110111110000000000111111
01110101110100110001101001100000
00110010000000110111101001000101
01110100000000011110010011000000
00110110000110000101101011101110
01110010000011001000000001110100
00111010000111000101110001010110
01101111111100111000100111011111
00111110000011100011110111011011
01101101101101111010100001111001
01000001111011001100010010000011
01101011010110011000111010100010
01000101101101101011101101011101
01101000110110011111100101100100
01001001011010101111001111100001
01100110001110011011000000111010
01001101000010000100011001010001
01100011011110011000010011010100
01010000100011011001001000010001
01100000100110100101001011010010
01010011111110011011111000000100
01011101100111001111111110000011
01010111010010111011100011100110
01011010100000100111100110011001
01011010100000100111100110011001
01010111010010111011100011100110
01011101100111001111111110000011
01010011111110011011111000000100
01100000100110100101001011010010
01010000100011011001001000010001
01100011011110011000010011010100
01001101000010000100011001010001
01100110001110011011000000111010
01001001011010101111001111100001
01101000110110011111100101100100
01000101101101101011101101011101
01101011010110011000111010100010
01000001111011001100010010000011
01101101101101111010100001111001
00111110000011100011110111011011
01101111111100111000100111011111
00111010000111000101110001010110
01110010000011001000000001110100
00110110000110000101101011101110
01110100000000011110010011000000
00110010000000110111101001000101
01110101110100110001101001100000
00101101110111110000000000111111
01110111011111111001000000111011
00101001101011000011011110100000
01111001000001101100000010101111
00100101011011000110111110011111
01111010011010000011000110111001
00100001001000001111101110000011
01111011101000110111010100011101
00011100110010110011001000110110
01111100101110000010100010000101
00011000011011000110110111011101
01111101101001011111010110100100
00010100000001100000101101100111
01111110011011001001001001010000
00001111100110010110101000100110
01111111000010111100000010010110
00001011001001111110101101011100
01111111100000110100111011010000
00000110101100101111000111010010
01111111110100110001011110110100
00000010001110111110000101100101
01111111111110110000001001011111
11111101110001000001111010011011
01111111111110110000001001011111
11111001010011010000111000101110
01111111110100110001011110110100
11110100110110000001010010100100
01111111100000110100111011010000
11110000011001101001010111011010
01111111000010111100000010010110
11101011111110011111010010011001
01111110011011001001001001010000
11100111100100111001001000100011
01111101101001011111010110100100
11100011001101001100110111001010
01111100101110000010100010000101
11011110110111110000010001111101
01111011101000110111010100011101
11011010100100111001000001100001
01111010011010000011000110111001
11010110010100111100100001100000
01111001000001101100000010101111
11010010001000001111111111000001
01110111011111111001000000111011
11001101111111001000010110111011
01110101110100110001101001100000
11001001111001111010010100010010
01110100000000011110010011000000
11000101111000111010001110101010
01110010000011001000000001110100
11000001111100011100001000100101
01101111111100111000100111011111
10111110000100110011101101111101
01101101101101111010100001111001
10111010010010010100010010100011
01101011010110011000111010100010
10110110100101010000110000011111
01101000110110011111100101100100
10110010111101111011100110101111
01100110001110011011000000111010
10101111011100100110110111101111
01100011011110011000010011010100
10101100000001100100000111111100
01100000100110100101001011010010
10101000101101000100011100011010
01011101100111001111111110000011
10100101011111011000011001100111
01011010100000100111100110011001
10100010011000110000000001111101
01010111010010111011100011100110
10011111011001011010110100101110
01010011111110011011111000000100
10011100100001100111101100101100
01010000100011011001001000010001
10011001110001100100111111000110
01001101000010000100011001010001
10010111001001100000011010011100
01001001011010101111001111100001
10010100101001100111000101011110
01000101101101101011101101011101
10010010010010000101011110000111
01000001111011001100010010000011
10010000000011000111011000100001
00111110000011100011110111011011
10001101111100110111111110001100
00111010000111000101110001010110
10001011111111100001101101000000
00110110000110000101101011101110
10001010001011001110010110100000
00110010000000110111101001000101
10001000100000000110111111000101
00101101110111110000000000111111
10000110111110010011111101010001
00101001101011000011011110100000
10000101100101111100111001000111
00100101011011000110111110011111
10000100010111001000101011100011
00100001001000001111101110000011
10000011010001111101011101111011
00011100110010110011001000110110
10000010010110100000101001011100
00011000011011000110110111011101
10000001100100110110110110110000
00010100000001100000101101100111
10000000111101000011111101101010
00001111100110010110101000100110
10000000011111001011000100110000
00001011001001111110101101011100
10000000001011001110100001001100
00000110101100101111000111010010
10000000000001001111110110100001
00000010001110111110000101100101
10000000000001001111110110100001
11111101110001000001111010011011
10000000001011001110100001001100
11111001010011010000111000101110
10000000011111001011000100110000
11110100110110000001010010100100
10000000111101000011111101101010
11110000011001101001010111011010
10000001100100110110110110110000
11101011111110011111010010011001
10000010010110100000101001011100
11100111100100111001001000100011
10000011010001111101011101111011
11100011001101001100110111001010
10000100010111001000101011100011
11011110110111110000010001111101
10000101100101111100111001000111
11011010100100111001000001100001
10000110111110010011111101010001
11010110010100111100100001100000
10001000100000000110111111000101
11010010001000001111111111000001
10001010001011001110010110100000
11001101111111001000010110111011
10001011111111100001101101000000
11001001111001111010010100010010
10001101111100110111111110001100
11000101111000111010001110101010
10010000000011000111011000100001
11000001111100011100001000100101
10010010010010000101011110000111
10111110000100110011101101111101
10010100101001100111000101011110
10111010010010010100010010100011
10010111001001100000011010011100
10110110100101010000110000011111
10011001110001100100111111000110
10110010111101111011100110101111
10011100100001100111101100101100
10101111011100100110110111101111
10011111011001011010110100101110
10101100000001100100000111111100
10100010011000110000000001111101
10101000101101000100011100011010
10100101011111011000011001100111
10100101011111011000011001100111
10101000101101000100011100011010
10100010011000110000000001111101
10101100000001100100000111111100
10011111011001011010110100101110
10101111011100100110110111101111
10011100100001100111101100101100
10110010111101111011100110101111
10011001110001100100111111000110
10110110100101010000110000011111
10010111001001100000011010011100
10111010010010010100010010100011
10010100101001100111000101011110
10111110000100110011101101111101
10010010010010000101011110000111
11000001111100011100001000100101
10010000000011000111011000100001
11000101111000111010001110101010
10001101111100110111111110001100
11001001111001111010010100010010
10001011111111100001101101000000
11001101111111001000010110111011
10001010001011001110010110100000
11010010001000001111111111000001
10001000100000000110111111000101
11010110010100111100100001100000
10000110111110010011111101010001
11011010100100111001000001100001
10000101100101111100111001000111
11011110110111110000010001111101
10000100010111001000101011100011
11100011001101001100110111001010
10000011010001111101011101111011
11100111100100111001001000100011
10000010010110100000101001011100
11101011111110011111010010011001
10000001100100110110110110110000
11110000011001101001010111011010
10000000111101000011111101101010
11110100110110000001010010100100
10000000011111001011000100110000
11111001010011010000111000101110
10000000001011001110100001001100
11111101110001000001111010011011
10000000000001001111110110100001
00000010001110111110000101100101
10000000000001001111110110100001
00000110101100101111000111010010
10000000001011001110100001001100
00001011001001111110101101011100
10000000011111001011000100110000
00001111100110010110101000100110
10000000111101000011111101101010
00010100000001100000101101100111
10000001100100110110110110110000
00011000011011000110110111011101
10000010010110100000101001011100
00011100110010110011001000110110
10000011010001111101011101111011
00100001001000001111101110000011
10000100010111001000101011100011
00100101011011000110111110011111
10000101100101111100111001000111
00101001101011000011011110100000
10000110111110010011111101010001
00101101110111110000000000111111
10001000100000000110111111000101
00110010000000110111101001000101
10001010001011001110010110100000
00110110000110000101101011101110
10001011111111100001101101000000
00111010000111000101110001010110
10001101111100110111111110001100
00111110000011100011110111011011
10010000000011000111011000100001
01000001111011001100010010000011
10010010010010000101011110000111
01000101101101101011101101011101
10010100101001100111000101011110
01001001011010101111001111100001
10010111001001100000011010011100
01001101000010000100011001010001
10011001110001100100111111000110
01010000100011011001001000010001
10011100100001100111101100101100
01010011111110011011111000000100
10011111011001011010110100101110
01010111010010111011100011100110
10100010011000110000000001111101
01011010100000100111100110011001
10100101011111011000011001100111
01011101100111001111111110000011
10101000101101000100011100011010
01100000100110100101001011010010
10101100000001100100000111111100
01100011011110011000010011010100
10101111011100100110110111101111
01100110001110011011000000111010
10110010111101111011100110101111
01101000110110011111100101100100
10110110100101010000110000011111
01101011010110011000111010100010
10111010010010010100010010100011
01101101101101111010100001111001
10111110000100110011101101111101
01101111111100111000100111011111
11000001111100011100001000100101
01110010000011001000000001110100
11000101111000111010001110101010
01110100000000011110010011000000
11001001111001111010010100010010
01110101110100110001101001100000
11001101111111001000010110111011
01110111011111111001000000111011
11010010001000001111111111000001
01111001000001101100000010101111
11010110010100111100100001100000
01111010011010000011000110111001
11011010100100111001000001100001
01111011101000110111010100011101
11011110110111110000010001111101
01111100101110000010100010000101
11100011001101001100110111001010
01111101101001011111010110100100
11100111100100111001001000100011
01111110011011001001001001010000
11101011111110011111010010011001
01111111000010111100000010010110
11110000011001101001010111011010
01111111100000110100111011010000
11110100110110000001010010100100
01111111110100110001011110110100
11111001010011010000111000101110
