30000000
00000000
00000000
20020000
20040000
2006001e
20080028
20170032
2018ffce
200a0001
201622b8
00000000
00000000
00000000
1058000a
00000000
10570003
00000000
0810001e
00000000
00000000
200affff
00000000
0810001e
00000000
00000000
200a0001
00000000
0810001e
00000000
00000000
004a9020
08100022
00000000
00000000
20530000
08100030
00000000
02b50018
00006812
00000000
02520018
00009812
00000000
01b34822
22530001
08100030
00000000
00000000
00000000
02401020
00000000
02602020
00000000
00000000
000421c0
00000000
00000000
00827820
00000000
01f57820
00000000
adf60000
00000000
02401020
00000000
02602020
0810000c
